1 1
1 0
1 0
1 1
2 0
3 0
3 0
3 0
3 0
3 1
3 1
3 0
3 0
3 0
3 0
4 0
4 1
4 1
5 1
6 0
6 0
6 1
7 0
7 0
7 0
7 0
8 0
8 0
8 0
8 0
8 0
8 0
8 0
8 1
8 1
8 1
9 1
10 0
10 0
10 0
11 1
12 0
12 1
13 1
14 0
14 0
14 1
15 1
16 0
16 1
16 1
17 1
17 1
18 1
18 1
20 1
21 0
21 1
22 0
22 1
23 0
23 0
23 1
24 1
24 1
24 1
24 1
25 0
25 1
26 0
26 0
26 0
26 1
27 0
28 0
28 1
28 1
28 0
28 0
28 1
29 1
31 1
31 1
31 1
31 1
31 1
31 1
31 1
31 1
31 1
31 0
31 0
31 0
31 1
31 1
31 1
32 1
33 1
33 0
33 0
33 1
33 1
33 1
33 1
33 1
33 1
33 1
33 1
33 1
34 1
34 0
34 0
34 0
34 0
34 1
35 1
35 1
35 0
35 1
35 0
35 0
36 1
37 0
37 0
37 1
38 1
38 0
39 0
39 0
39 1
40 0
40 1
40 0
41 1
43 0
43 0
43 0
44 1
44 1
44 0
44 1
44 1
45 0
45 0
45 0
46 1
46 1
47 0
47 1
48 1
48 1
49 1
49 1
50 0
50 0
50 0
50 0
50 1
51 1
53 0
55 0
55 1
57 0
58 0
59 0
59 0
59 1
59 1
60 0
61 1
62 1
62 1
63 0
63 1
64 0
64 1
67 1
69 0
69 0
70 0
71 0
71 1
73 1
74 0
74 1
76 0
77 0
77 0
77 0
77 0
77 1
78 1
78 0
79 0
79 0
80 0
81 1
82 1
82 0
83 0
83 1
83 0
84 0
85 1
85 1
85 1
85 1
85 0
86 1
86 0
87 0
87 1
89 0
90 0
90 0
93 0
94 0
94 0
94 0
94 0
94 0
95 0
95 0
95 0
95 0
96 0
96 0
96 1
97 0
97 1
97 1
98 0
98 0
98 0
98 0
99 0
99 0
99 0
99 0
99 0
99 1
100 0
100 0
100 0
100 0
100 0
100 1
102 1
102 1
102 0
102 0
102 1
102 1
102 1
102 1
102 0
102 0
103 0
103 1
103 1
104 0
105 0
105 0
105 0
105 0
107 0
107 0
108 0
108 1
110 0
111 0
111 0
111 0
111 1
111 1
112 0
112 0
112 0
112 0
112 0
113 0
114 0
114 0
114 0
114 1
114 1
115 0
115 0
115 0
116 0
116 0
116 0
116 0
117 1
117 0
118 0
118 0
118 0
118 1
119 0
119 0
119 1
120 1
120 0
121 1
121 0
121 0
121 0
121 1
121 1
123 0
123 1
124 0
124 0
124 0
124 1
124 1
125 0
125 0
125 0
126 0
126 0
126 0
126 0
126 0
127 0
127 0
127 0
127 0
127 0
127 1
127 1
128 0
128 0
128 0
128 0
128 0
128 0
128 0
128 0
128 0
128 1
128 1
130 1
131 0
131 0
133 0
133 0
133 0
133 0
134 0
134 1
135 1
135 1
135 1
135 0
136 0
136 0
136 0
136 0
136 0
136 0
136 0
136 0
136 0
137 0
137 0
137 0
137 1
138 0
138 0
138 0
139 0
139 0
139 0
139 0
140 0
140 0
140 0
140 1
140 1
141 1
141 1
141 1
141 0
142 1
142 1
143 0
143 0
143 0
143 0
143 1
143 1
144 0
144 1
146 0
146 0
146 0
146 0
147 0
147 1
148 0
148 0
148 0
149 0
149 0
149 0
149 0
149 1
149 1
149 1
150 0
150 0
150 0
150 0
150 1
150 1
150 1
151 1
152 0
152 1
153 0
153 0
154 0
154 1
155 0
155 0
155 0
155 0
155 0
155 0
155 0
155 0
155 0
155 0
155 0
155 0
156 1
156 0
157 0
157 0
157 0
157 0
157 0
158 1
158 1
160 0
160 1
160 1
161 0
161 1
162 0
162 0
162 1
162 0
163 0
163 1
163 1
163 0
163 0
164 0
164 0
164 0
164 1
164 0
165 0
165 0
165 0
165 0
165 0
165 0
165 0
165 0
165 0
165 0
165 0
165 0
165 0
165 1
166 1
166 1
166 0
166 0
167 1
168 0
168 0
168 0
168 0
168 0
168 0
168 0
168 0
168 0
168 0
168 1
169 0
170 0
170 0
170 0
170 1
170 1
170 1
170 0
170 0
170 0
171 0
171 1
172 0
172 0
172 1
172 1
172 1
172 1
173 1
173 1
173 1
173 1
174 0
174 1
175 1
176 0
176 0
176 0
176 0
176 1
176 1
177 0
177 1
177 0
178 0
178 0
178 0
179 1
179 1
179 1
179 1
179 0
180 0
180 0
180 1
181 0
181 1
182 0
183 0
183 0
183 1
183 1
183 1
183 0
183 0
183 0
183 0
183 0
183 0
183 0
183 0
183 1
183 1
184 0
184 0
184 1
185 0
185 0
185 0
185 1
185 0
185 0
185 0
186 1
186 1
186 1
187 0
187 0
187 0
187 0
188 0
189 0
189 1
190 0
190 0
190 0
190 0
191 0
191 0
191 0
191 0
191 0
192 0
192 0
192 1
192 0
192 1
193 0
193 0
193 0
193 0
193 0
193 0
193 0
193 0
195 0
196 0
196 0
198 0
198 1
198 0
199 0
199 1
200 1
201 0
201 1
201 1
201 1
202 1
202 1
203 0
203 1
205 0
205 0
205 0
205 0
205 0
205 0
205 1
206 1
207 0
207 0
207 0
207 0
207 0
207 0
207 1
207 1
207 1
207 1
207 1
208 0
208 0
208 0
208 0
208 1
208 1
208 1
208 0
208 0
208 0
208 0
208 0
208 0
208 0
209 1
210 0
210 0
210 0
210 0
210 0
210 0
210 0
210 0
210 1
210 0
211 1
211 0
212 0
212 0
212 0
212 1
212 1
212 0
212 0
212 1
212 1
212 1
213 1
213 0
214 0
215 0
215 0
215 1
215 1
215 1
215 1
216 0
216 1
216 1
216 1
216 0
216 0
216 0
216 0
216 1
217 1
217 0
219 1
220 0
220 0
220 0
220 0
220 0
220 0
221 0
221 0
221 0
222 0
223 0
223 0
223 0
223 0
223 0
223 1
225 0
225 0
225 1
226 1
226 1
227 0
227 0
227 0
227 0
227 0
227 0
227 0
227 0
227 1
227 1
227 0
227 0
227 0
227 0
227 0
227 0
227 0
228 0
228 1
229 1
230 0
230 0
230 0
230 1
230 1
230 1
230 1
231 0
232 0
232 0
232 1
233 0
233 0
233 0
233 0
233 0
234 1
234 1
234 1
234 1
234 1
234 1
234 1
235 0
235 0
235 1
235 1
235 1
235 0
236 0
236 0
236 0
236 1
236 1
237 0
239 1
239 0
239 0
239 1
239 1
239 1
240 0
240 0
240 0
241 1
241 0
242 0
242 1
243 1
244 0
244 0
244 0
245 0
245 0
246 0
246 0
247 1
247 0
248 0
248 0
248 0
249 0
249 0
249 0
249 0
249 0
249 0
249 0
249 0
250 0
250 0
250 0
250 0
251 0
251 0
251 0
252 1
252 0
253 0
253 1
254 0
254 0
254 0
254 0
254 0
255 1
257 0
257 0
257 0
257 0
257 0
257 1
258 1
258 1
259 0
259 0
259 0
259 0
259 0
261 1
261 0
261 1
261 0
261 0
261 0
262 1
262 0
262 0
262 0
262 0
263 0
263 0
263 0
263 1
264 0
265 1
266 0
266 0
266 0
266 0
266 0
266 1
267 1
268 0
268 0
268 1
268 0
269 0
269 0
269 0
270 0
270 0
270 1
271 0
271 1
271 1
272 1
273 1
274 0
274 0
274 0
274 1
274 0
274 0
275 0
275 0
275 0
275 0
275 1
275 1
275 1
275 1
275 1
275 1
276 0
276 1
277 0
277 0
279 1
280 0
280 0
280 1
281 1
281 0
282 0
282 1
283 1
284 0
284 0
284 1
285 1
285 0
285 0
286 0
286 1
286 1
287 1
287 0
287 0
287 1
287 1
287 1
288 0
288 0
288 0
288 0
288 0
289 1
289 0
289 0
289 0
289 1
290 1
290 1
290 1
290 0
290 0
290 1
291 1
291 1
291 0
291 0
291 1
291 1
292 1
293 0
293 0
293 0
294 1
294 1
294 1
294 1
296 0
296 0
297 1
297 0
297 0
297 1
298 0
298 0
298 1
298 1
299 1
299 0
300 0
300 0
301 0
301 1
302 1
302 0
302 0
302 1
303 0
303 0
303 0
303 0
303 0
303 0
303 0
303 1
303 1
303 1
303 1
303 1
303 1
303 1
304 0
304 0
304 0
304 0
305 1
306 1
306 1
306 0
306 0
307 1
307 1
307 1
307 1
309 1
309 1
309 0
309 0
310 0
310 0
310 1
311 0
312 1
313 0
314 0
314 0
314 0
314 0
315 1
316 1
317 1
318 0
318 0
318 0
318 0
318 0
319 1
320 1
320 0
320 1
321 0
321 0
321 0
321 0
321 0
321 0
321 1
321 0
321 0
321 0
321 0
321 0
321 1
322 0
322 0
324 1
325 1
325 0
326 0
326 1
328 1
329 0
329 0
329 0
329 0
329 0
329 0
329 1
329 0
329 0
329 0
331 0
331 0
331 0
331 0
331 0
331 0
331 1
331 1
331 1
332 1
334 0
336 0
337 0
337 1
338 0
338 0
338 0
338 0
338 0
338 0
339 1
340 1
340 1
340 1
340 0
340 0
340 0
341 1
342 0
343 0
344 0
345 1
346 1
347 1
347 0
347 1
348 1
348 0
350 0
350 0
350 0
351 0
352 0
352 1
352 1
353 0
353 0
354 1
355 0
355 0
355 1
356 1
357 0
358 0
358 1
358 1
358 0
359 0
359 0
359 0
359 1
359 1
359 0
359 0
359 0
359 0
359 0
359 0
360 0
362 0
362 0
362 0
362 1
362 1
362 0
363 0
363 0
363 0
363 0
363 0
364 1
365 0
365 0
365 0
365 0
367 1
367 0
367 0
367 0
367 1
367 1
367 1
367 0
367 1
368 0
368 0
368 0
369 0
369 0
370 1
370 0
371 0
371 0
371 0
371 0
371 0
371 0
371 0
372 0
372 1
372 0
372 0
372 0
372 0
373 0
373 0
373 0
374 0
375 1
376 0
376 0
376 0
376 0
376 0
376 1
376 1
376 0
377 0
377 0
378 1
380 0
381 0
383 0
384 0
385 0
385 1
386 1
387 0
387 0
387 0
387 0
387 0
387 0
387 0
387 0
387 1
388 0
389 0
389 0
390 0
390 0
391 1
393 1
394 1
394 0
394 0
394 0
394 0
395 1
396 1
397 0
397 0
397 1
397 1
398 1
400 1
402 1
403 1
406 1
407 1
409 1
409 1
411 0
412 0
412 0
412 0
412 1
413 0
414 1
415 1
416 0
418 1
421 1
421 1
421 0
421 0
421 0
421 0
422 1
423 1
424 0
425 0
430 0
432 0
433 0
434 1
435 0
435 0
436 1
436 1
436 0
436 1
437 0
437 0
437 0
437 0
437 0
437 0
438 0
438 0
438 0
438 0
438 0
438 0
438 0
438 1
438 1
439 0
439 0
439 1
439 1
439 0
439 0
439 0
439 0
439 1
439 1
439 0
440 0
440 0
440 0
440 0
440 0
440 0
440 0
440 0
440 0
440 0
440 0
441 1
442 0
443 1
443 0
444 0
444 0
444 0
444 0
444 0
444 0
444 1
444 1
444 1
445 0
445 0
445 1
446 0
447 0
447 0
447 0
447 1
447 1
447 1
447 1
447 0
447 0
447 0
449 0
449 0
449 0
449 0
449 1
450 0
450 0
450 0
450 0
450 1
451 0
451 1
451 0
451 0
451 0
451 0
452 1
452 0
452 0
452 1
452 1
452 0
452 0
452 1
453 0
453 1
453 0
454 0
454 0
455 0
455 0
457 0
457 0
458 1
458 1
459 0
459 0
459 1
459 0
459 1
459 1
461 1
461 1
461 0
461 0
462 0
462 0
462 0
463 0
463 0
463 0
463 0
463 0
463 0
463 0
463 0
464 0
464 1
464 0
465 0
465 0
466 0
466 0
466 1
466 1
466 0
467 0
467 0
467 0
467 1
467 0
467 0
467 1
468 1
468 1
468 1
468 1
468 1
468 1
468 1
468 0
469 0
469 0
469 0
469 0
469 0
469 0
470 0
470 0
470 0
470 1
471 0
471 0
472 1
472 1
472 0
472 0
473 0
473 0
473 0
473 1
473 1
473 0
473 0
474 0
475 0
476 0
476 0
476 0
476 0
476 0
477 0
477 0
477 0
477 0
477 0
477 0
477 1
478 1
478 0
479 0
480 0
480 0
480 0
480 0
480 0
480 0
480 0
480 0
480 0
480 0
480 1
480 0
480 0
480 0
480 0
480 0
480 0
481 0
481 1
481 1
481 0
481 0
482 1
482 0
483 0
483 1
483 1
483 1
483 0
483 0
483 1
483 1
484 0
484 1
484 0
484 1
485 0
485 0
485 0
485 0
485 1
486 1
486 1
487 0
487 0
487 1
488 0
489 0
489 1
490 1
490 1
490 1
490 1
490 0
490 0
490 1
490 1
490 1
490 1
490 0
490 0
490 1
490 1
490 1
490 1
491 0
491 1
492 0
492 0
492 0
492 0
492 0
492 0
492 0
492 0
492 0
493 1
494 1
495 0
495 0
495 0
497 1
498 0
498 0
498 0
498 0
498 0
498 0
498 0
498 0
498 0
498 0
498 0
498 1
498 1
498 1
498 1
498 0
498 0
498 0
498 0
498 0
498 0
498 0
498 0
499 0
500 1
500 1
500 1
500 1
501 0
502 0
502 0
502 0
502 0
502 0
502 0
502 0
502 0
502 0
502 0
502 0
502 0
504 1
505 1
507 0
508 0
508 0
508 0
508 0
508 1
508 1
509 0
509 0
509 0
510 0
510 0
510 1
510 1
510 1
510 1
511 0
512 0
513 0
513 0
513 1
514 0
514 0
514 0
514 0
515 0
516 0
516 0
517 1
518 0
518 0
519 1
519 1
519 0
519 0
519 0
519 0
519 0
519 1
519 1
520 1
520 1
520 1
520 1
521 0
521 0
521 0
521 0
522 1
522 1
522 1
522 0
522 0
522 0
522 0
522 1
522 1
522 1
523 1
524 1
525 1
526 1
526 1
526 0
526 1
526 1
527 1
528 1
528 1
530 1
531 1
532 1
532 1
532 0
532 0
532 0
532 1
532 1
532 0
532 0
532 0
532 0
532 1
532 1
532 0
532 0
532 0
533 0
533 1
533 1
533 1
533 1
533 0
534 1
534 1
535 1
536 1
536 0
537 1
538 0
538 0
538 0
538 0
540 0
540 1
541 0
541 1
542 0
542 1
543 1
543 1
544 0
544 0
544 1
545 1
545 1
546 0
547 1
548 0
548 0
548 1
549 0
549 0
549 0
549 0
550 0
550 0
551 1
552 0
552 1
553 0
553 1
554 0
554 1
554 1
555 0
558 1
559 1
559 1
559 1
560 1
561 1
565 0
565 1
566 0
566 0
567 0
567 1
568 1
569 1
570 0
570 1
570 1
570 0
570 1
570 1
571 1
572 1
572 1
572 1
573 1
574 1
574 0
575 0
575 1
576 0
576 1
576 1
576 0
576 0
576 1
576 1
576 0
576 0
577 0
577 1
578 0
578 0
578 0
578 0
578 0
578 0
579 1
581 0
584 0
584 0
584 0
584 0
584 0
584 0
584 1
584 1
584 0
584 0
584 0
584 0
584 1
585 1
585 1
585 0
585 0
585 0
585 0
586 0
587 1
588 1
588 1
588 1
588 1
588 1
588 1
588 1
588 1
588 1
589 1
590 1
590 0
591 0
592 0
592 1
592 1
592 1
592 1
593 0
593 1
594 1
594 1
595 1
596 0
596 1
596 1
596 1
596 1
597 0
597 1
597 0
597 1
599 1
601 0
601 1
602 0
602 1
603 0
603 0
603 1
603 1
603 1
604 0
604 0
604 1
604 1
605 0
605 0
605 1
605 1
606 1
607 1
607 1
608 1
608 1
608 1
608 0
608 0
608 0
608 1
609 1
611 1
612 0
612 0
612 1
613 0
