1 0
1 0
1 0
1 1
2 0
2 0
3 0
3 0
3 1
3 0
3 0
3 0
3 0
4 0
4 0
4 0
4 0
4 0
4 1
4 1
4 1
5 1
6 0
6 0
6 1
7 0
7 1
8 0
8 0
8 0
8 0
8 1
9 0
9 1
10 0
10 1
10 0
11 0
12 0
12 0
12 0
13 1
14 0
14 0
15 0
15 0
15 1
16 0
16 0
17 0
17 0
17 0
17 0
17 0
18 1
19 0
19 0
19 1
19 0
20 0
21 1
21 0
22 1
23 0
23 0
23 0
24 1
24 0
24 0
24 0
24 1
25 0
25 1
26 0
26 0
26 0
26 1
26 0
27 0
27 0
28 1
28 0
28 1
28 1
29 1
30 0
30 0
31 0
31 1
31 0
31 0
31 0
31 1
31 0
32 0
32 0
32 0
32 1
33 0
33 0
33 1
33 0
34 0
34 0
34 1
34 1
35 1
36 1
37 0
37 0
37 1
38 0
38 1
39 1
40 1
40 0
40 0
41 0
41 1
42 0
42 0
43 1
43 0
43 0
43 1
44 0
44 1
45 0
45 0
45 0
45 0
45 0
45 0
45 0
46 1
46 1
47 0
48 1
48 1
48 0
48 0
49 0
49 1
50 0
50 0
51 1
52 0
52 0
53 0
54 0
54 0
55 1
56 0
56 0
57 0
59 0
60 0
60 1
61 0
61 0
62 0
62 0
62 1
62 0
63 1
64 0
65 0
65 0
66 1
66 0
67 1
68 0
68 0
69 0
69 0
70 0
70 0
71 0
72 0
73 1
74 0
74 0
74 1
74 0
74 1
75 0
75 0
76 0
76 0
77 1
77 0
78 0
78 0
79 0
79 0
79 0
80 0
80 0
80 0
81 0
82 0
82 0
83 0
83 0
83 0
83 1
83 1
84 1
85 0
85 0
85 0
85 0
85 0
86 1
88 0
88 0
88 0
88 0
89 0
89 0
89 0
89 0
89 0
90 0
90 1
91 0
91 1
92 1
92 0
92 0
92 0
93 1
93 1
93 0
93 0
94 0
94 0
95 0
95 0
95 1
96 1
96 0
96 1
96 0
97 1
97 1
98 0
98 1
98 1
99 0
100 1
100 0
101 0
101 0
102 0
102 0
102 1
103 0
103 0
103 1
103 0
104 0
104 0
104 0
104 0
105 0
105 0
105 0
106 0
106 0
107 1
107 1
108 0
108 0
108 1
108 0
109 0
110 0
110 0
111 0
111 0
111 1
111 1
112 1
112 0
112 0
113 1
114 0
114 0
114 0
114 0
114 1
115 0
115 0
115 1
115 0
115 1
115 0
116 1
116 0
116 0
116 0
116 1
116 0
116 0
116 0
117 1
118 0
118 0
118 0
118 1
118 1
119 0
119 0
119 1
119 0
119 0
120 0
120 0
121 0
121 0
121 0
121 0
121 1
122 1
122 0
122 0
123 1
124 0
125 0
125 0
125 0
125 0
125 0
126 0
126 0
126 0
126 1
126 0
127 0
127 1
127 0
127 0
127 0
127 0
128 0
128 0
128 0
129 1
130 0
130 0
130 0
130 0
130 0
130 0
130 0
130 0
131 0
131 0
131 0
132 0
132 1
132 0
133 1
133 1
134 1
134 0
134 1
135 1
135 1
136 0
136 0
136 0
136 0
136 0
136 0
136 0
137 0
137 0
137 0
137 0
138 0
138 1
138 0
138 1
139 1
139 0
139 0
139 0
139 0
139 0
140 1
140 1
140 0
141 1
141 0
141 0
141 0
142 0
142 1
142 1
143 0
143 0
143 0
143 1
144 1
145 1
145 0
146 0
146 1
146 0
146 1
147 0
147 0
147 0
147 0
147 1
148 0
148 0
149 1
149 1
149 0
149 1
149 1
150 0
150 0
150 0
150 0
150 0
150 0
151 0
151 1
152 1
152 0
153 1
154 0
154 0
154 0
154 0
155 1
155 0
156 1
157 0
157 0
157 0
157 0
157 1
158 1
158 1
158 1
159 1
159 0
159 0
160 1
160 0
160 0
161 0
161 0
161 0
161 1
162 0
162 0
162 1
163 1
163 0
163 0
163 0
163 0
164 1
164 0
164 0
165 0
165 0
165 1
165 0
165 1
166 1
166 0
166 0
167 0
168 0
168 0
168 0
168 0
168 0
168 0
169 0
169 1
169 0
170 0
170 0
170 0
170 0
170 1
170 0
170 1
171 1
172 0
172 0
172 0
172 1
173 1
173 0
173 0
173 0
173 1
174 0
174 0
174 0
174 0
174 1
174 0
174 1
175 0
176 0
176 0
176 0
176 1
177 1
177 0
177 0
177 1
178 0
178 0
178 0
178 0
178 0
178 1
179 1
179 1
179 1
180 1
180 0
180 1
181 1
181 0
181 0
181 1
182 0
182 0
182 0
183 1
183 1
183 1
183 1
183 1
184 0
184 1
184 0
184 1
184 0
184 0
185 0
185 0
185 0
185 0
185 1
186 0
186 0
186 0
186 0
186 0
187 1
187 0
187 1
188 1
188 0
188 0
189 1
190 0
190 0
190 0
190 0
191 0
191 1
192 1
192 0
192 0
192 1
192 1
192 1
192 1
193 0
193 0
193 1
194 0
194 0
194 0
194 1
195 0
195 1
196 1
196 0
196 0
196 0
197 0
198 1
199 1
200 1
201 0
201 0
201 0
201 1
202 1
203 0
203 0
203 0
204 0
204 0
205 0
205 0
205 1
205 0
206 0
207 1
207 1
207 1
207 0
207 1
208 0
208 0
208 0
208 0
208 0
208 0
208 1
208 1
209 0
209 0
209 1
209 0
210 0
210 0
210 0
210 0
210 0
210 1
210 1
211 0
211 0
212 0
212 0
212 1
213 0
213 0
213 0
213 0
213 0
213 0
213 1
214 0
214 1
214 0
215 0
215 1
215 1
216 0
216 0
216 1
216 0
216 0
216 0
216 1
216 1
217 0
218 0
218 0
218 0
218 0
218 0
218 0
218 1
218 0
218 0
219 1
220 0
220 0
220 0
220 0
220 0
220 0
220 0
221 0
221 0
221 0
221 0
221 0
221 0
222 1
222 0
222 0
223 0
223 1
223 1
224 0
224 0
224 1
224 0
224 0
225 0
225 1
225 0
226 1
226 0
226 1
227 0
227 0
227 0
227 0
227 0
227 1
227 0
227 1
228 1
229 0
229 0
229 0
229 1
230 0
230 0
230 0
230 0
230 1
230 0
230 1
230 1
231 0
232 1
232 0
232 0
232 0
232 0
232 0
232 1
232 1
233 0
233 1
233 0
233 0
233 0
233 0
234 0
234 0
234 0
234 0
234 1
235 1
236 0
236 0
236 1
237 0
237 0
237 0
237 0
237 0
238 0
238 0
238 1
238 0
239 1
239 1
240 0
240 0
240 0
240 0
241 0
241 0
241 1
241 0
241 0
241 1
242 1
242 0
242 0
242 0
242 1
243 0
243 0
244 0
244 0
244 1
244 1
245 0
245 0
245 0
245 0
246 0
246 0
246 1
246 0
246 0
246 0
247 0
247 1
248 0
248 0
248 0
248 0
248 0
249 0
249 0
249 1
250 0
250 0
250 0
251 0
251 0
251 0
251 0
251 0
252 1
253 1
253 1
254 0
254 0
254 1
254 0
254 1
254 1
255 0
255 1
256 0
256 0
256 0
256 0
256 1
256 0
257 0
257 0
257 0
258 0
258 1
259 0
259 0
259 1
260 0
261 1
261 1
261 0
261 0
261 0
261 0
262 0
262 0
262 0
262 0
262 0
262 1
263 0
263 0
263 0
263 0
263 1
263 1
264 0
264 1
264 0
265 0
265 0
265 1
266 0
266 0
266 0
266 0
266 1
267 1
268 1
268 0
268 1
268 0
268 1
268 0
268 0
269 0
269 0
269 0
269 0
269 1
270 0
270 0
270 0
270 1
271 0
271 0
271 1
271 0
272 0
272 0
272 1
273 0
273 0
273 0
273 0
273 0
273 0
274 0
274 1
274 1
275 0
275 1
275 0
275 1
275 1
276 0
276 0
276 0
276 0
277 0
278 0
278 0
279 1
279 0
279 0
279 0
279 1
280 1
281 0
281 0
281 0
281 0
281 1
282 1
282 1
283 1
283 0
283 1
283 0
283 0
283 1
284 0
284 1
284 1
285 0
285 0
285 0
285 1
285 1
286 0
286 0
286 1
287 1
287 1
287 0
288 0
288 1
288 0
288 1
288 0
289 0
289 0
289 0
289 0
289 0
289 0
289 1
290 1
290 0
290 1
290 0
290 0
290 1
290 0
291 1
291 1
292 0
292 0
292 0
292 0
292 0
292 1
293 0
293 1
293 1
293 0
294 1
294 0
294 0
294 1
295 0
295 0
295 1
295 1
296 0
296 0
296 1
296 1
296 0
297 1
297 0
297 0
297 0
297 0
297 0
298 0
298 1
298 1
299 1
300 0
300 0
300 0
300 0
300 0
300 1
301 0
301 0
301 1
302 0
302 0
302 1
302 0
302 0
302 0
302 1
303 0
303 0
303 0
303 0
303 1
304 0
304 0
304 1
304 0
304 1
304 0
305 1
306 1
306 0
307 1
307 0
307 0
307 1
308 0
308 0
308 0
309 1
310 1
311 1
312 0
312 1
313 0
313 1
314 1
314 1
315 0
315 0
315 1
316 0
316 0
316 0
316 0
318 1
318 0
318 1
318 0
318 0
319 0
319 0
319 0
319 0
320 1
320 0
320 0
320 1
321 0
321 0
321 0
321 0
321 0
322 0
322 1
323 0
323 0
324 0
324 0
324 0
325 1
325 0
326 0
326 0
326 0
326 1
327 0
327 0
327 0
328 0
329 1
329 1
329 0
329 1
330 0
331 0
331 0
331 0
331 0
331 0
332 0
333 0
333 0
333 0
334 0
334 0
334 0
335 0
336 1
336 0
337 1
338 0
338 0
338 0
338 0
338 0
339 0
339 1
340 1
340 0
341 0
341 0
341 0
341 0
342 0
342 0
342 0
342 0
342 0
343 0
343 0
343 1
344 0
345 0
345 0
345 0
345 0
346 0
346 0
346 1
347 0
347 1
347 1
347 0
347 0
347 0
347 0
347 0
348 0
349 0
349 0
350 0
350 0
350 0
351 0
351 1
352 0
352 0
352 0
352 0
353 0
354 1
355 0
355 1
355 0
355 1
355 0
355 1
356 0
356 1
357 0
357 0
357 0
357 0
358 0
358 0
358 0
358 1
359 0
359 1
359 0
359 0
359 0
359 0
359 1
360 0
360 0
360 0
360 0
360 0
360 0
360 0
360 0
360 0
361 1
361 0
362 0
363 1
363 1
364 0
364 0
364 0
365 0
365 1
365 1
365 1
366 0
366 0
367 1
367 0
367 1
367 0
367 0
367 1
368 0
368 0
368 0
368 0
369 0
370 1
371 0
371 1
371 1
372 0
372 1
372 1
372 0
373 0
373 0
373 0
373 0
373 0
373 0
374 0
374 0
375 0
375 1
376 0
376 0
376 0
376 0
376 1
376 1
376 0
377 0
378 0
378 0
378 0
379 0
379 0
379 0
380 0
380 0
381 0
381 0
382 0
382 0
383 0
383 0
384 0
384 0
384 0
385 0
385 0
385 0
385 1
386 0
387 0
387 1
387 1
388 1
389 0
389 0
389 0
389 0
390 0
390 0
390 1
390 0
391 0
391 0
392 1
392 0
393 1
394 0
394 0
394 1
394 1
395 1
397 1
397 0
397 0
398 1
399 0
400 0
400 1
400 0
401 0
403 0
403 0
403 0
403 0
403 1
403 0
404 0
404 0
404 0
405 0
405 0
406 0
406 0
406 0
406 0
406 0
407 1
408 1
408 0
408 0
408 0
408 0
408 0
408 0
409 0
409 0
409 1
409 0
410 0
411 0
411 0
411 1
411 0
412 0
412 0
412 1
412 0
412 1
413 0
413 1
414 1
415 0
417 0
417 0
417 0
417 0
418 0
418 0
418 0
419 1
420 0
421 0
421 0
421 0
421 0
422 0
423 0
423 0
423 0
424 1
425 0
425 1
426 0
427 0
428 0
430 1
431 0
432 0
432 0
432 0
433 1
434 0
435 1
435 0
435 0
436 1
436 1
437 0
437 0
437 0
437 1
437 1
438 0
438 0
438 0
438 0
438 0
438 0
438 1
439 1
439 1
439 0
439 0
439 0
440 0
440 0
440 0
440 0
440 0
441 0
441 1
442 1
442 1
442 0
442 1
442 0
442 0
443 1
444 1
444 0
444 0
444 0
444 0
445 0
445 0
446 1
447 0
447 0
447 0
447 0
447 1
447 0
447 0
447 1
448 0
449 0
449 0
449 0
449 0
450 1
450 1
450 1
451 0
451 0
451 0
451 0
451 1
451 0
451 1
452 0
452 1
452 0
452 0
452 0
453 1
454 0
454 0
454 0
455 1
456 0
457 0
457 0
457 0
458 1
459 0
460 0
460 0
461 0
461 1
462 0
462 0
462 1
462 1
462 0
462 0
463 0
463 1
463 0
463 0
465 1
466 0
466 1
466 1
466 0
466 0
467 0
467 1
467 0
467 1
467 0
467 1
468 0
468 0
468 0
468 0
468 0
468 1
468 1
468 1
468 0
469 0
469 0
469 0
470 0
470 1
470 0
470 0
471 0
472 0
472 0
472 1
473 0
473 0
473 0
473 1
473 1
473 0
473 1
474 1
474 0
474 0
474 0
475 0
475 0
475 0
475 0
475 0
475 0
475 0
475 0
476 0
476 0
476 0
476 0
476 0
476 0
477 0
477 1
477 1
478 0
479 0
479 0
479 0
479 0
479 0
480 0
480 0
480 0
480 0
480 0
480 0
480 0
481 0
482 0
483 0
483 0
483 0
483 0
483 1
483 1
483 1
483 0
483 1
484 0
484 1
485 1
486 0
486 0
486 0
486 0
486 1
487 1
487 1
488 0
488 0
489 1
489 1
490 0
490 0
490 0
490 0
490 1
490 0
490 0
490 0
490 0
490 0
490 1
491 0
491 0
491 0
491 0
492 0
492 1
492 0
492 1
492 1
492 0
492 1
492 0
493 0
493 0
493 0
493 1
495 0
495 0
495 0
495 1
495 0
496 1
496 0
496 0
498 0
498 0
498 0
498 1
498 0
498 0
498 1
498 1
498 0
498 1
499 1
499 0
500 0
500 0
500 0
500 0
500 1
501 0
501 1
502 0
502 0
502 0
502 0
502 0
502 0
502 1
502 1
502 1
502 0
503 0
503 0
504 0
504 0
504 1
505 0
507 0
507 0
507 0
507 0
507 0
507 0
507 0
508 0
508 0
508 1
509 0
509 0
509 0
509 1
509 1
509 0
510 1
510 0
510 1
510 1
511 0
511 0
511 0
512 0
512 0
513 0
513 0
513 1
513 0
513 0
513 1
514 0
514 0
514 1
514 0
515 0
515 1
516 0
516 1
516 0
517 0
518 0
518 1
518 0
518 0
518 0
519 0
519 0
519 0
519 0
519 1
520 1
520 1
521 0
521 0
521 0
521 0
521 0
521 0
521 0
521 1
522 1
522 1
522 1
523 1
524 1
525 1
526 1
526 1
526 1
527 1
528 1
528 0
529 0
530 0
530 1
531 0
531 1
532 1
532 1
532 1
532 1
532 0
532 1
533 0
533 0
533 0
533 0
533 0
533 0
533 0
534 0
534 1
535 1
535 1
536 1
536 0
537 0
538 0
538 0
538 1
538 1
539 0
540 1
540 1
540 0
540 0
540 0
540 0
541 0
541 0
541 1
542 0
542 1
542 0
542 0
543 1
544 0
545 1
545 0
546 0
546 0
546 1
547 0
547 0
547 0
547 0
547 1
548 0
549 1
549 1
550 0
551 1
552 0
552 0
552 0
553 0
553 1
554 0
554 1
555 1
557 0
558 1
558 0
558 0
559 1
559 0
560 0
560 0
560 1
561 1
563 0
563 0
564 0
564 0
565 0
565 1
566 1
566 0
567 0
567 0
567 1
568 0
568 0
568 0
569 0
569 0
569 1
570 0
571 1
571 0
572 0
572 0
572 0
572 1
572 1
573 1
573 0
573 0
573 1
574 0
574 0
575 0
576 0
576 1
577 0
577 1
578 0
578 0
578 1
579 1
580 1
580 0
581 0
581 1
582 1
582 0
583 0
583 0
584 0
585 0
586 0
587 1
588 0
588 1
588 1
588 1
589 1
590 1
591 0
592 1
592 1
594 1
594 1
595 0
595 0
595 0
596 1
596 1
597 0
597 1
598 0
599 1
599 1
600 1
600 0
602 0
602 1
602 1
603 1
603 1
604 1
605 1
606 1
607 0
607 1
608 1
608 1
608 0
609 0
610 0
610 0
611 1
611 1
612 0
613 0
613 0
613 0
613 0
